0.872405
0.626342
3.73568
8.27666
10.8939
14.4282
17.9626
19.6179
22.4588
23.8457
27.0446
28.3644
30.1986
31.429
31.7645
32.8606
33.9567
34.158
33.3975
33.5317
33.3751
34.5159
35.3883
36.216
37.5805
38.2964
39.2806
39.6385
39.4372
41.0925
40.5109
41.7189
42.9939
43.2847
43.8663
44.269
46.0585
46.6178
46.5283
48.027
48.3178
46.3046
46.6178
47.0875
50.2863
50.7337
50.8903
51.114
51.1364
51.8522
51.8522
50.0179
49.7047
50.0626
47.9823
47.9823
47.9375
48.0047
44.7387
45.6111
45.9243
47.6244
47.0651
  45.723