0.738189
0.827666
1.18558
2.70669
4.7423
10.536
11.5202
11.2742
12.9742
20.3114
22.1457
23.3089
24.8524
27.3801
27.8499
29.0354
30.4447
30.4894
30.825
30.5342
29.1696
27.6709
26.5748
24.9866
22.2575
18.7455
14.8756
10.5583
7.91875
3.5791
11.6544
13.9809
16.2849
18.41
20.0429
21.8996
23.5102
24.4721
24.9642
25.4787
25.9261
26.105
26.1274
26.0603
27.313
26.3287
26.1722
26.1722
26.3064
26.3735
24.8747
23.98
22.4141
20.1548
16.9112
16.9112
11.386
11.6544
11.1399
12.6163
12.6163
15.7033
19.6179
19.6179
22.8391
24.0023
24.8076
25.0761
24.7405
23.9128
22.347
20.0206
16.3744
12.1242
12.1242
9.35039
9.35039
12.7058
13.3769
17.6494
18.0073
19.2377
19.2377
21.1167
21.5193
20.5798
19.5956
18.41
18.41
14.4282
12.0571
9.73067
6.97924
8.14245
9.932
11.386
11.0728
9.95437
9.7083
12.236
17.1797
20.3785
20.3785
21.922
22.9286
23.9352
24.3826
24.1589
22.8615
22.0338
20.3785
18.9469
17.5599
15.0098
12.7058
10.4018
6.57659
3.84753
1.74481
0.380279